speaker,word,sentence,paragraph,utterance
JiriMihola.1972,31280.0,34720.0,37320.0,37320.0
MartinLank.1976,136210.0,141620.0,159890.0,165860.0
ZdenekOndracek.1969,127160.0,153930.0,162170.0,166990.0
VladislavVilimec.1963,77290.0,98460.0,102490.0,104040.0
FrantisekLaudat.1960,44280.0,63360.0,64660.0,67020.0
DanielHerman.1963,31480.0,33680.0,36030.0,36030.0
OlgaHavlova.1953,127190.0,135130.0,153830.0,156660.0
MarekCernoch.1969,102630.0,109790.0,121450.0,125170.0
TomioOkamura.1972,200570.0,422740.0,437220.0,462430.0
