election_period,speaker,role,length_word,length_sentence,length_paragraph,length_utterance,utterance-paragraph,paragraph-sentence,sentence-word,unanchored,words_per_minute
ps2013,JanBartosek.1971,chair,6470370.0,7906990.0,10676370.0,12195520.0,0.12456623415811707,0.2593934080591062,0.18168987187286187,0.11682140906608411,90.0822597150429
ps2013,ZuzkaBebarovaRujbrova.1951,regular,200490.0,225070.0,241710.0,244150.0,0.00999385623592054,0.06884282818253279,0.10921046785444528,0.05841121495327103,105.18124104034405
ps2013,MarekCernoch.1969,regular,1555840.0,1760930.0,1951280.0,2018290.0,0.033201373439892184,0.09755135090812185,0.11646686693962849,0.0627867664815262,123.10421198142984
ps2013,PavelPlzak.1960,regular,69390.0,76600.0,84020.0,84520.0,0.005915759583530526,0.08831230659366818,0.09412532637075718,0.07207207207207207,157.59583530525322
ps2013,ZbynekStanjura.1964,regular,6213700.0,7296810.0,8364440.0,8545310.0,0.021165996318448364,0.1276391485861576,0.14843609741791275,0.12258832048828427,135.74463653161794
ps2013,KarelFiedler.1961,regular,999150.0,1158030.0,1249640.0,1269410.0,0.015574164375576054,0.07330911302455106,0.13719851817310433,0.06976744186046512,119.91397578402564
ps2013,PetrFiala.1964,regular,1840720.0,2080810.0,2196950.0,2231170.0,0.015337244584679787,0.05286419809281049,0.11538295183125802,0.06417686198755097,125.28852575106335
ps2013,JanHamacek.1978,chair,4196660.0,5465690.0,6735150.0,7816800.0,0.13837503837887627,0.18848281033087608,0.23218111528462096,0.0989663872385448,94.31225053730427
ps2013,KaterinaValachova.1976,regular,1942490.0,2340320.0,2490430.0,2543810.0,0.020984271624059973,0.06027473167284365,0.16998957407534013,0.13306451612903225,134.53834995538188
ps2013,JanZahradnik.1949,regular,1792760.0,2698040.0,2920360.0,3068730.0,0.04834899127652156,0.07612760070676218,0.33553246060102887,0.10676084762865792,96.8804684674116
ps2013,RichardBrabec.1966,regular,2796570.0,3564000.0,3814240.0,3913070.0,0.0252563843733948,0.0656067788078359,0.21532828282828284,0.07295694766692447,118.95519374813126
ps2013,PetrBendl.1966,regular,4611750.0,6678540.0,7097660.0,7377580.0,0.0379419809747912,0.059050447612311666,0.30946733866982906,0.08207080936563234,100.38251025403994
ps2013,VojtechFilip.1955,chair,6255810.0,8502620.0,11486980.0,12046440.0,0.04644193637290353,0.25980370819832543,0.2642491373247305,0.12921113827440225,83.53173219639993
ps2013,RomanVana.1966,regular,19590.0,20230.0,21910.0,21910.0,0.0,0.07667731629392971,0.03163618388531883,0.05263157894736842,156.09310816978547
ps2013,OndrejBenesik.1976,regular,136670.0,144800.0,164680.0,167430.0,0.016424774532640508,0.12071897012387661,0.056146408839779005,0.0621301775147929,121.12524637161798
ps2013,JanaHnykova.1963,regular,1470790.0,1593110.0,1738000.0,1775400.0,0.021065675340768277,0.08336593785960875,0.0767806366164295,0.05460030165912519,112.03109158499493
ps2013,MartaSemelova.1960,regular,1127060.0,1412020.0,1514070.0,1538920.0,0.016147687988979285,0.06740111091296967,0.2018101726604439,0.05666041275797373,103.90403659709406
ps2013,StanislavMackovik.1967,regular,107600.0,125730.0,133850.0,134980.0,0.008371610608979108,0.060664923421740756,0.14419788435536468,0.07666666666666666,133.35308934656987
ps2013,JiriValenta.1965,regular,165270.0,173450.0,190640.0,194540.0,0.02004729104554333,0.09016995383969786,0.047160565004324015,0.06639004149377593,148.6583735992598
ps2013,DanTok.1959,regular,1446360.0,1738540.0,1864820.0,1903540.0,0.020341048782794163,0.06771699145225812,0.16806055655895177,0.06048028461310406,106.31770280635028
ps2013,MarketaPekarovaAdamova.1984,regular,314220.0,336710.0,367230.0,373760.0,0.017471104452054794,0.08310867848487324,0.06679338302990705,0.0691609977324263,141.58818493150685
ps2013,JaroslavaPokornaJermanova.1970,chair,3837360.0,4549050.0,5637150.0,6435950.0,0.1241153209704861,0.19302307016843617,0.15644804959277211,0.0878520386717108,88.71417584039652
ps2013,KarlaSlechtova.1977,regular,1369830.0,1475620.0,1583060.0,1614240.0,0.01931559123798196,0.06786855836165401,0.07169189899838711,0.05286588759042849,133.58608385370206
ps2013,AntoninSeda.1960,regular,387100.0,422690.0,476000.0,479840.0,0.008002667555851951,0.11199579831932772,0.08419882183160235,0.061010486177311724,131.1687229076359
ps2013,BohuslavChalupa.1960,regular,231420.0,245480.0,271350.0,272300.0,0.00348879911861917,0.09533812419384559,0.05727554179566564,0.04900459418070444,143.88542049210432
ps2013,DanielHerman.1963,regular,948970.0,1008800.0,1083270.0,1108980.0,0.023183465887572363,0.06874555743258837,0.059308088818398094,0.06611969111969113,112.10301358004652
ps2013,MiroslavaNemcova.1952,regular,887310.0,978960.0,1033690.0,1055550.0,0.020709582682014116,0.052946241136123985,0.09361975974503554,0.060109289617486336,135.22808014779028
ps2013,IvanGabal.1951,regular,231810.0,271920.0,315980.0,325840.0,0.030260250429658728,0.1394392050129755,0.14750661959399824,0.0825242718446602,113.79818315737786
ps2013,VeraKovarova.1964,regular,1242680.0,1397400.0,1563660.0,1607240.0,0.027114805505089466,0.10632746249184605,0.11071990840131674,0.05377456049638056,108.29745402055698
ps2013,SimeonKaramazov.1963,regular,1041140.0,1091500.0,1219220.0,1252990.0,0.02695153193561002,0.10475549941766048,0.04613834173156207,0.03847576766555679,129.4343929321064
ps2013,MartinNovotny.1972,regular,468730.0,560630.0,590340.0,595930.0,0.00938029634353028,0.05032693024358844,0.16392272978613345,0.08138528138528138,116.28882586881011
ps2013,AdolfBeznoska.1961,regular,595380.0,686310.0,741510.0,759360.0,0.02350663716814159,0.07444269126512117,0.13249114831490144,0.0531767955801105,114.41213653603033
ps2013,LudvikHovorka.1963,regular,2370120.0,2925660.0,3123360.0,3241190.0,0.0363539317349492,0.06329721838020594,0.1898853592010008,0.076018549188473,111.77376210589321
ps2013,JiriMihola.1972,regular,2298070.0,2740010.0,2957190.0,3156960.0,0.06327923065227307,0.07344134127330337,0.16129138214824035,0.07966040462427745,105.21514368253003
ps2013,PavelBlazek.1969,regular,41260.0,44120.0,49540.0,49540.0,0.0,0.10940654016955995,0.06482320942883046,0.10687022900763359,158.6596689543803
ps2013,MilanChovanec.1970,regular,1226760.0,1349920.0,1439850.0,1482800.0,0.02896547073104937,0.06245789491960968,0.09123503615029038,0.07561436672967864,128.43269490153764
ps2013,PavelHolik.1957,regular,138830.0,150950.0,160210.0,163250.0,0.01862174578866769,0.057799138630547406,0.08029148724743293,0.1016949152542373,130.1071975497703
ps2013,RomanSklenak.1970,regular,384720.0,444510.0,495700.0,501330.0,0.011230127859892686,0.10326810570909825,0.1345076601201323,0.07314814814814814,129.25617856501705
ps2013,AndrejBabis.1954,guest,2142830.0,2485490.0,2763390.0,2877570.0,0.03967931275346907,0.10056488588291917,0.13786416360556672,0.11149595909615702,126.41916617145715
ps2013,MichaelaMarksova.1969,regular,341990.0,388930.0,416790.0,423300.0,0.015379163713678243,0.06684421411262266,0.12069009847530404,0.059178743961352656,117.363571934798
ps2013,VaclavKlucka.1953,regular,207510.0,234870.0,251670.0,257470.0,0.02252689633743737,0.06675408272738109,0.11648997317665091,0.0737527114967462,107.42999184370993
ps2013,VlastimilGabrhel.1978,regular,56950.0,61120.0,66250.0,66250.0,0.0,0.07743396226415095,0.06822643979057591,0.030303030303030304,119.54716981132074
ps2013,VladimirKonicek.1964,regular,133470.0,151390.0,154960.0,155310.0,0.0022535574013263795,0.023038203407330923,0.11836977343285554,0.04067796610169491,113.96561715279118
ps2013,MiroslavGrebenicek.1947,regular,339850.0,396570.0,419620.0,428490.0,0.020700599780624985,0.05493065154187122,0.1430264518243942,0.025684931506849314,81.7755373520969
ps2013,TomioOkamura.1972,regular,1894220.0,3114460.0,3391190.0,3559630.0,0.04731952478207006,0.08160262326793839,0.39179825716175515,0.31770190593720005,122.92850661445149
ps2013,JitkaChalankova.1957,regular,278990.0,297040.0,328520.0,334410.0,0.01761310965581173,0.09582369414343114,0.06076622677080528,0.04477611940298507,120.2117161568135
ps2013,JanMladek.1960,regular,597370.0,717010.0,762750.0,790590.0,0.03521420711114484,0.05996722386102917,0.16685959749515347,0.10481770833333333,116.57116836792774
ps2013,JanaPastuchova.1965,regular,378210.0,436780.0,460300.0,471000.0,0.022717622080679404,0.05109711058005648,0.13409496771830212,0.07819905213270142,107.51592356687898
ps2013,LeoLuzar.1964,regular,286500.0,331160.0,354800.0,360860.0,0.016793216205730776,0.0666290868094701,0.13485928252204374,0.07848443843031123,122.8731363963864
ps2013,IgorJakubcik.1967,regular,143140.0,160810.0,176120.0,177410.0,0.007271292486331097,0.08692936634113105,0.10988122629189727,0.10880829015544041,130.54506510343273
ps2013,MiloslavaVostra.1965,regular,89160.0,127490.0,132110.0,137710.0,0.04066516592840026,0.034970857618651124,0.30065103145344735,0.13934426229508196,106.31036235567497
ps2013,ReneCip.1974,regular,59850.0,64270.0,71520.0,71520.0,0.0,0.10137024608501119,0.06877236657849696,0.07092198581560284,118.28859060402685
ps2013,JanaCernochova.1973,regular,441890.0,533540.0,564030.0,571080.0,0.012345030468585837,0.05405740829388508,0.17177718634029313,0.047619047619047616,114.72998529102752
ps2013,VlastimilVozka.1954,regular,136810.0,174590.0,191010.0,191010.0,0.0,0.08596408564996597,0.21639269144853657,0.05303030303030303,82.92759541385267
ps2013,VaclavVotava.1956,regular,1165810.0,1441780.0,1571340.0,1615250.0,0.027184646339575916,0.08245192001731007,0.19140923025704337,0.06180939226519337,107.57467884228447
ps2013,MartinStropnicky.1956,regular,731000.0,921250.0,999710.0,1022600.0,0.022384118912575787,0.07848276000040011,0.20651289009497964,0.07445708376421924,113.47545472325446
ps2013,RadimHolecek.1976,regular,223990.0,234960.0,264630.0,270120.0,0.0203243003109729,0.11211880739145222,0.046688798093292475,0.060650887573964495,150.15548645046647
ps2013,PavelSramek.1965,regular,73020.0,88490.0,102490.0,104410.0,0.018389043195096256,0.13659869255537124,0.17482201378686857,0.11055276381909548,114.35686236950484
ps2013,JosefKott.1970,regular,500990.0,713060.0,816000.0,827120.0,0.013444240255343843,0.12615196078431373,0.2974083527332903,0.05756578947368421,88.20969145952219
ps2013,HelenaLangsadlova.1963,regular,621650.0,696910.0,771940.0,788400.0,0.020877727042110605,0.09719667331657901,0.10799098879338795,0.05263157894736842,118.56925418569256
ps2013,PavlaGolasowska.1964,regular,301800.0,332630.0,379530.0,388220.0,0.022384215135747773,0.12357389402682264,0.09268556654541081,0.07133917396745933,123.48668280871671
ps2013,MariePencikova.1979,regular,71520.0,77490.0,85300.0,86150.0,0.009866511897852582,0.09155920281359906,0.0770421989934185,0.05172413793103448,161.5786419036564
ps2013,JanaFischerova.1955,regular,186090.0,209960.0,228090.0,232530.0,0.0190943104115598,0.07948616774080407,0.11368832158506383,0.06526806526806526,110.69539414269126
ps2013,NinaNovakova.1954,regular,480390.0,579290.0,624260.0,634090.0,0.01550253118642464,0.07203729215391023,0.17072623383797408,0.04434782608695652,108.8173603116277
ps2013,FrantisekLaudat.1960,regular,1427670.0,1708680.0,1838560.0,1878410.0,0.021214750773260363,0.0706422417544165,0.1644602851323829,0.06909894969596463,115.56582428756235
ps2013,DanielKorte.1953,regular,124620.0,140340.0,165240.0,175110.0,0.05636457084118554,0.15068990559186637,0.11201368106028217,0.08682634730538923,114.44235052252868
ps2013,RobinBohnisch.1976,regular,35270.0,47460.0,50180.0,51750.0,0.03033816425120773,0.054204862495017936,0.25684787189211966,0.10344827586206896,100.8695652173913
ps2013,JanKlan.1982,regular,1398120.0,1723830.0,1925940.0,1987770.0,0.031105208349054468,0.10494096389295617,0.18894554567445745,0.08042959427207637,126.47338474773238
ps2013,MarianJurecka.1981,regular,2175380.0,2856010.0,3133840.0,3326940.0,0.05804132325800886,0.08865481326423812,0.2383149918942861,0.14406908044235722,119.04633086259446
ps2013,JanChvojka.1980,regular,392800.0,474010.0,506850.0,512800.0,0.011602964118564743,0.06479234487520963,0.17132549946203668,0.10366328916601715,150.11700468018722
ps2013,SonaMarkova.1963,regular,391040.0,445810.0,494680.0,511410.0,0.03271347842240081,0.09879113770518315,0.12285502792669523,0.05228031145717464,105.47310377192467
ps2013,KarelRais.1949,regular,345870.0,436130.0,479990.0,509020.0,0.0570311579112805,0.09137690368549345,0.20695664136839934,0.08814270724029381,112.33350359514361
ps2013,MiloslavJanulik.1962,regular,264330.0,329600.0,370160.0,382150.0,0.03137511448384142,0.10957423816727901,0.19802791262135921,0.11910112359550562,139.73570587465656
ps2013,VladislavVilimec.1963,regular,673770.0,991410.0,1041110.0,1063370.0,0.020933447435981824,0.04773751092583877,0.3203921687293854,0.11666666666666667,101.56389591581483
ps2013,GabrielaPeckova.1957,regular,123740.0,162390.0,172930.0,173400.0,0.002710495963091119,0.06094951714566588,0.23800726645729417,0.07931034482758621,100.34602076124567
ps2013,PetrGazdik.1974,chair,4306530.0,4877760.0,6169550.0,7140390.0,0.13596456215976999,0.20938155943302186,0.11710908285770517,0.09521492295214923,103.60778612932907
ps2013,JiriJunek.1973,regular,410120.0,534400.0,577200.0,593790.0,0.02793917041378265,0.07415107415107415,0.23255988023952096,0.11558538404175989,135.50245036123883
ps2013,KvetaMatusovska.1984,regular,110750.0,129340.0,144830.0,150930.0,0.04041608692771483,0.10695297935510599,0.14372970465439927,0.07037037037037037,107.33452593917708
ps2013,RomanKubicek.1963,regular,699670.0,892050.0,972330.0,998420.0,0.02613128743414595,0.08256456141433464,0.21566055714365787,0.09249183895538629,110.45451813865907
ps2013,IvanPilny.1944,regular,507950.0,599940.0,642080.0,664250.0,0.03337598795634174,0.06563045103413905,0.15333199986665333,0.08582326764144946,142.0850583364697
ps2013,PetrKudela.1969,regular,807310.0,986340.0,1120670.0,1150160.0,0.025639910968908674,0.11986579456932014,0.18150941865888032,0.08126293995859213,100.78597760311608
ps2013,StepanStupcuk.1976,regular,571400.0,718570.0,794740.0,807020.0,0.015216475428118261,0.09584266552583234,0.20480955230527298,0.05465191932335719,114.27226091051027
ps2013,IvanAdamec.1960,regular,499470.0,802630.0,945510.0,954940.0,0.009874965966448154,0.15111421349324702,0.3777082840162964,0.19000581057524696,108.13244811192325
ps2013,MartinKolovratnik.1975,regular,671260.0,745920.0,800550.0,811810.0,0.013870240573533251,0.06824058459808881,0.10009116259116259,0.06103286384976526,141.68339882484818
ps2013,PavelKovacik.1955,regular,2051950.0,2469140.0,2682960.0,2749700.0,0.024271738735134742,0.07969556012762025,0.1689616627651733,0.07794173287930382,115.34349201731098
ps2013,MiroslavKalousek.1960,regular,2833390.0,3337570.0,3672050.0,3741620.0,0.018593550387265408,0.09108808431257745,0.15106200019774865,0.08030773383722499,118.80949962850318
ps2013,LeosHeger.1948,regular,1671200.0,2002690.0,2163840.0,2205370.0,0.018831307218289902,0.07447408311150547,0.16552237240910975,0.05448985265499027,97.8611298784331
ps2013,JiriStetina.1941,regular,835750.0,1084430.0,1195330.0,1247270.0,0.041642948198866325,0.09277772665289083,0.22931862821943325,0.06238779174147217,107.17807691999327
ps2013,JanaLorencova.1940,regular,54340.0,73130.0,87630.0,87740.0,0.001253704125826305,0.16546844687892273,0.2569396964310133,0.13414634146341464,112.14953271028038
ps2013,VitezslavJandak.1947,regular,21960.0,23010.0,28290.0,28290.0,0.0,0.18663838812301167,0.04563233376792699,0.019230769230769232,110.2863202545069
ps2013,FrantisekVacha.1966,regular,703590.0,886380.0,975690.0,990690.0,0.015140962359567574,0.09153522122805399,0.20622080823123265,0.04996837444655281,95.75144596190533
ps2013,FrantisekBublan.1951,guest,332330.0,418090.0,453620.0,476020.0,0.04705684635099366,0.07832547065826022,0.20512329881126073,0.0922384701912261,112.05411537330365
ps2013,HerbertPavera.1958,regular,661850.0,906020.0,966610.0,993500.0,0.027065928535480625,0.06268298486462999,0.2694973620891371,0.18047469771607702,134.8565676899849
ps2013,JosefHajek.1956,regular,172380.0,209380.0,221880.0,224790.0,0.012945415721339917,0.056336758608256716,0.17671219791766166,0.08266129032258064,132.3902308821567
ps2013,VaclavZemek.1974,regular,702650.0,917260.0,1030120.0,1065340.0,0.03305986821108754,0.10956005125616433,0.23396855853302226,0.12185602775368604,129.87403082583964
ps2013,ZdenekSoukup.1952,regular,678310.0,771930.0,952660.0,997020.0,0.044492587911977695,0.1897109147019923,0.12128042698172115,0.08749356664951106,116.9284467713787
ps2013,ZuzanaKailova.1974,regular,2830.0,2820.0,3370.0,3370.0,0.0,0.1632047477744807,-0.0035460992907801418,0.9438202247191011,3169.1394658753707
ps2013,LadislavOklestek.1961,regular,139440.0,163510.0,174070.0,177110.0,0.017164474055671616,0.06066524961222497,0.14720812182741116,0.04838709677419355,126.0233753034837
ps2013,RomKostrica.1949,regular,321950.0,407910.0,431980.0,451310.0,0.042830870133611046,0.05572017223019584,0.2107327596773798,0.09100418410041841,127.09667412643194
ps2013,JanVolny.1959,regular,263760.0,305420.0,335160.0,335160.0,0.0,0.08873373910967895,0.13640233121603038,0.07246376811594203,123.52309344790547
ps2013,RomanProchazka.1968,regular,142930.0,163240.0,174800.0,176190.0,0.00788921051137976,0.06613272311212814,0.12441803479539329,0.10054347826086957,125.31925761961519
ps2013,MartinaBerdychova.1971,regular,40300.0,43050.0,45530.0,45530.0,0.0,0.05446958049637601,0.06387921022067364,0.03773584905660377,139.6881177245772
ps2013,JiriSkalicky.1954,regular,596960.0,688450.0,753530.0,777930.0,0.031365289936112505,0.0863668334372885,0.13289273004575497,0.0635881907645723,101.88577378427365
ps2013,JaroslavZavadil.1944,regular,218350.0,436650.0,475350.0,478990.0,0.007599323576692624,0.08141369517197854,0.4999427459063323,0.32903225806451614,116.49512515918913
ps2013,JanFarsky.1979,regular,1506790.0,1827250.0,1970550.0,2122530.0,0.07160322822292264,0.07272081398594302,0.17537830072513338,0.06801470588235294,107.64512162372263
ps2013,MartinKomarek.1961,regular,160070.0,189990.0,209720.0,214180.0,0.020823606312447476,0.0940778180431051,0.15748197273540712,0.05472636815920398,112.615557008124
ps2013,MartinLank.1976,regular,1335580.0,1534900.0,1695430.0,1777320.0,0.04607498930974726,0.09468394448605959,0.1298586227115773,0.07944643772424398,131.7264195530349
ps2013,JaroslavFaltynek.1962,regular,181820.0,223790.0,264410.0,269210.0,0.01782994688161658,0.15362505200257176,0.1875418919522767,0.10311284046692606,114.55740871438654
ps2013,MiroslavOpalka.1952,regular,452600.0,518940.0,573550.0,594770.0,0.03567765690939355,0.0952140179583297,0.12783751493428913,0.05125628140703518,100.37493484876506
ps2013,AugustinKarelAndrleSylor.1946,regular,332990.0,422140.0,457410.0,466940.0,0.020409474450678887,0.0771080649745305,0.21118586251006774,0.08265582655826559,94.83017089990149
ps2013,JiriKoubek.1976,regular,866960.0,1298500.0,1401110.0,1433560.0,0.02263595524428695,0.07323479241458558,0.3323373122834039,0.1569746699964324,117.31633137085298
ps2013,JosefNekl.1953,regular,533630.0,611650.0,667390.0,683430.0,0.02346985060649958,0.08351938147110385,0.12755660917191203,0.1233140655105973,136.69285808349065
ps2013,JeronymTejc.1977,regular,1239040.0,1498920.0,1592460.0,1624510.0,0.019729025983219555,0.05873930899363249,0.17337816561257438,0.06836544437538844,118.85430068143624
ps2013,MarekBenda.1968,regular,3415620.0,4359880.0,4723950.0,4843920.0,0.024767130753604517,0.07706897829147218,0.21657935539510262,0.06394672867561568,117.19020958232176
ps2013,RobertPelikan.1979,regular,537030.0,709680.0,769230.0,790830.0,0.02731307613519973,0.07741507741507742,0.2432786608048698,0.07193119624706802,97.03728993589014
ps2013,KarelSidlo.1957,regular,422710.0,460240.0,485170.0,505010.0,0.03928635076533138,0.05138405095121298,0.08154441161133322,0.06562847608453838,106.80976614324469
ps2013,HelenaValkova.1951,regular,733070.0,949280.0,982280.0,1002890.0,0.020550608740739263,0.0335953088732337,0.22776209337603237,0.08359456635318704,114.50906879119344
ps2013,BronislavSchwarz.1966,regular,42240.0,48750.0,53240.0,53240.0,0.0,0.0843350864012021,0.13353846153846155,0.1437908496732026,172.4267468069121
ps2013,BohuslavSvoboda.1944,regular,640330.0,915590.0,967820.0,983760.0,0.016203138976986258,0.0539666466905003,0.30063674788933914,0.07539936102236422,95.45010978287387
ps2013,OlgaHavlova.1953,regular,560040.0,623170.0,712050.0,728970.0,0.02321083172147002,0.12482269503546099,0.10130461992714669,0.04973624717407687,109.22260175315857
ps2013,MargitaBalastikova.1967,regular,692270.0,889590.0,956760.0,979650.0,0.023365487674169346,0.0702056942179857,0.22181004732517226,0.0572192513368984,114.53069973970295
ps2013,MarieBenesova.1948,regular,333740.0,379320.0,420320.0,420320.0,0.0,0.09754472782641797,0.12016239586628703,0.07602339181286549,97.63989341454129
ps2013,DavidKadner.1976,regular,435210.0,500270.0,587950.0,607700.0,0.03249958861280237,0.14912832723871078,0.13004977312251384,0.05644402634054563,104.95310185947012
ps2013,MartinPlisek.1974,regular,1344220.0,1662270.0,1761440.0,1791060.0,0.01653769276294485,0.05630052684167499,0.19133474104688167,0.062267657992565055,108.1370808348129
ps2013,RadkaMaxova.1968,regular,1012360.0,1150070.0,1218860.0,1282330.0,0.04949583960446999,0.05643798303332622,0.11974053753249803,0.06138211382113821,115.10297661288436
ps2013,JiriDienstbier.1969,regular,2141070.0,2456090.0,2602700.0,2766970.0,0.059368189752689766,0.05632996503630845,0.12826077220297302,0.061928744637194555,116.24990513088325
ps2013,MichalKucera.1968,regular,147390.0,180960.0,190220.0,198080.0,0.039680936995153474,0.04868047523919672,0.1855106100795756,0.06914893617021277,113.89337641357027
ps2013,LukasPleticha.1974,regular,2027830.0,2544700.0,2952280.0,3129870.0,0.05674037579835584,0.1380560109474711,0.20311628089755177,0.09535452322738386,101.9275560965791
ps2013,StanislavGrospic.1964,regular,412420.0,508230.0,527650.0,587530.0,0.10191819992170613,0.036804700085283804,0.18851701001515062,0.07908428720083246,98.13966946368696
ps2013,MilosZeman.1944,guest,901270.0,1472940.0,1637230.0,1697460.0,0.035482426684575775,0.10034631664457651,0.3881149266093663,0.09984794728839332,69.7394931250221
ps2013,JiriHolecek.1972,regular,432860.0,528890.0,578070.0,593390.0,0.02581775897807514,0.08507620184406733,0.1815689462837263,0.07421150278293136,109.00082576383154
ps2013,ZdenekOndracek.1969,regular,524270.0,656010.0,701770.0,714540.0,0.017871637696979876,0.06520654915428131,0.2008201094495511,0.07,117.55814929884961
ps2013,JiriZemanek.1965,regular,51740.0,71080.0,75250.0,75630.0,0.00502446119264842,0.05541528239202658,0.27208778840742825,0.08196721311475409,96.78698928996431
ps2013,LadislavVelebny.1957,regular,17330.0,17920.0,20790.0,20790.0,0.0,0.13804713804713806,0.032924107142857144,0.04878048780487805,118.32611832611833
ps2013,JosefSenfeld.1961,regular,202230.0,235200.0,246570.0,251130.0,0.0181579261736949,0.04611266577442511,0.14017857142857143,0.08078602620087336,109.42539720463505
ps2013,JaroslavKrakora.1955,regular,347830.0,416070.0,451180.0,459680.0,0.01849112426035503,0.07781816569883417,0.16401086355661307,0.0745721271393643,106.76992690567351
ps2013,VitKankovsky.1970,regular,936990.0,1050140.0,1127860.0,1160610.0,0.028217919886955996,0.06890926178781054,0.10774753842344831,0.06284737067122702,120.91917181482152
ps2013,JosefZahradnicek.1957,regular,58360.0,69560.0,70740.0,76590.0,0.07638072855464159,0.016680802940344925,0.16101207590569291,0.08,117.50881316098707
ps2013,RadekVondracek.1973,regular,117700.0,128890.0,138710.0,142400.0,0.02591292134831461,0.07079518419724605,0.08681821708433549,0.11813186813186813,153.3707865168539
ps2013,KristynaZelienkova.1974,regular,230820.0,250690.0,261950.0,269110.0,0.02660622050462636,0.04298530253865242,0.07926123898041405,0.0875,142.69257924268885
ps2013,VlastaBohdalova.1957,regular,1495090.0,1684090.0,1827790.0,1929370.0,0.052649310396657975,0.07861953506693876,0.11222678122903171,0.09026927784577723,101.62902916496058
ps2013,MilanUrban.1958,regular,123200.0,164080.0,177160.0,178970.0,0.01011342683131251,0.07383156468728833,0.24914675767918087,0.07119741100323625,103.59278091300219
ps2013,SvatoplukNemecek.1972,regular,670080.0,740250.0,772700.0,891950.0,0.13369583496832782,0.0419955998447004,0.09479229989868287,0.052076875387476754,108.50383990133975
ps2013,PavelAntonin.1962,regular,80030.0,93710.0,100690.0,101430.0,0.007295671891945184,0.06932168040520409,0.14598228577526412,0.09210526315789473,134.87133984028392
ps2013,JaroslavKlaska.1962,regular,99980.0,111310.0,113650.0,120990.0,0.060666170757913876,0.02058952925648922,0.10178779983828946,0.07851239669421488,120.0099181750558
ps2013,JosefNovotny.1952,regular,228440.0,272680.0,290460.0,304890.0,0.04732854472104694,0.06121324795152517,0.1622414551855655,0.04924242424242424,103.90632687198662
ps2013,KarelCerny.1965,regular,231900.0,247640.0,267290.0,275390.0,0.029412832709974943,0.07351565715140858,0.06356000646099176,0.08055009823182711,110.89727295834999
ps2013,GabrielaHubackova.1975,regular,169610.0,199020.0,211220.0,233070.0,0.09374865920109839,0.05775968184830982,0.14777409305597428,0.05542168674698795,106.83485648088556
ps2013,MilanBrazdil.1962,regular,162600.0,176110.0,202520.0,206230.0,0.0179896232361926,0.13040687339522022,0.07671341775026971,0.06722689075630252,138.4861562333317
ps2013,RostislavVyzula.1952,regular,232110.0,273010.0,307310.0,316340.0,0.028545236138332174,0.11161367999739677,0.14981136222116406,0.06272401433691756,105.83549345640766
ps2013,LubomirZaoralek.1956,regular,847980.0,1055210.0,1154700.0,1242520.0,0.07067894279367737,0.08616090759504633,0.19638744894381213,0.09510763209393347,123.37829572159805
ps2013,BohuslavSobotka.1971,guest,4715100.0,5152690.0,5547390.0,5729160.0,0.031727164191609245,0.0711505771182484,0.08492457337817723,0.05926880334997584,130.05047860419327
ps2013,ZdenekSyblik.1956,regular,95340.0,115960.0,127290.0,129050.0,0.013638124757845796,0.08900934873124362,0.177819937909624,0.05511811023622047,118.09376210771019
ps2013,MilanSarapatka.1955,regular,32690.0,44150.0,46000.0,47230.0,0.026042769426212153,0.04021739130434782,0.2595696489241223,0.15053763440860216,118.14524666525514
ps2013,AnnaPutnova.1960,regular,456500.0,521300.0,585700.0,600250.0,0.024239900041649314,0.10995390131466622,0.12430462305774026,0.053953488372093024,107.45522698875469
ps2013,PavelBelobradek.1976,guest,372980.0,427880.0,530010.0,546450.0,0.030085094702168542,0.1926944774626894,0.12830700196316724,0.20147420147420148,134.0653307713423
ps2013,IvoPojezny.1961,regular,289860.0,326630.0,361220.0,368650.0,0.02015461820154618,0.0957588173412325,0.11257386033126167,0.04984423676012461,104.48935304489353
ps2013,PavelPloc.1964,regular,10880.0,11270.0,17210.0,17210.0,0.0,0.3451481696687972,0.03460514640638864,0.17647058823529413,118.53573503776875
ps2013,IvanaDobesova.1960,regular,583470.0,732890.0,810960.0,826840.0,0.019205650428136035,0.0962686199072704,0.20387779885112364,0.05405405405405406,110.08175705094094
ps2013,KarelSchwarzenberg.1937,regular,146170.0,180160.0,192810.0,196290.0,0.017728870548677975,0.06560863025776671,0.18866563055062166,0.07396449704142012,103.31652147333027
ps2013,RadimFiala.1969,regular,269690.0,284280.0,321890.0,331270.0,0.0283152715307755,0.1168411569169592,0.05132263965104826,0.05426356589147287,116.8231352069309
ps2013,JaroslavHolik.1953,regular,73950.0,84800.0,101190.0,102410.0,0.011912899130944244,0.16197252692953848,0.12794811320754718,0.05421686746987952,97.25612733131531
ps2013,VaclavSnopek.1951,regular,26710.0,29110.0,36190.0,36190.0,0.0,0.1956341530809616,0.08244589488148403,0.1,116.0541586073501
ps2013,JiriKoskuba.1955,regular,97780.0,106550.0,116270.0,118130.0,0.015745365275543894,0.0835985206846134,0.08230877522290005,0.03608247422680412,98.53551172437146
ps2013,JiriBehounek.1952,regular,11610.0,13070.0,14700.0,14700.0,0.0,0.1108843537414966,0.1117061973986228,0.14705882352941177,138.77551020408163
ps2013,FrantisekAdamek.1955,regular,158840.0,188010.0,200250.0,202780.0,0.012476575599171516,0.06112359550561798,0.15515132173820542,0.0797872340425532,111.25357530328435
ps2013,JiriPetru.1956,regular,277010.0,327340.0,355410.0,365420.0,0.027393136664659843,0.07897920711291184,0.15375450601820737,0.09162303664921466,125.44469377702369
ps2013,JiriZlatuska.1957,regular,408320.0,588960.0,625660.0,640140.0,0.022620051863654827,0.05865805709171115,0.3067101331160011,0.06363636363636363,82.48195707189052
ps2013,JaroslavFoldyna.1960,regular,50160.0,55300.0,58180.0,58180.0,0.0,0.049501546923341355,0.09294755877034358,0.08176100628930817,163.97387418356823
