speaker,word,sentence,paragraph,utterance
ZuzkaBebarovaRujbrova.1951,200490.0,225070.0,241710.0,244150.0
MarekCernoch.1969,1555840.0,1760930.0,1951280.0,2018290.0
PavelPlzak.1960,69390.0,76600.0,84020.0,84520.0
ZbynekStanjura.1964,6213700.0,7296810.0,8364440.0,8545310.0
KarelFiedler.1961,999150.0,1158030.0,1249640.0,1269410.0
PetrFiala.1964,1840720.0,2080810.0,2196950.0,2231170.0
KaterinaValachova.1976,1942490.0,2340320.0,2490430.0,2543810.0
JanZahradnik.1949,1792760.0,2698040.0,2920360.0,3068730.0
RichardBrabec.1966,2796570.0,3564000.0,3814240.0,3913070.0
PetrBendl.1966,4611750.0,6678540.0,7097660.0,7377580.0
RomanVana.1966,19590.0,20230.0,21910.0,21910.0
OndrejBenesik.1976,136670.0,144800.0,164680.0,167430.0
JanaHnykova.1963,1470790.0,1593110.0,1738000.0,1775400.0
MartaSemelova.1960,1127060.0,1412020.0,1514070.0,1538920.0
StanislavMackovik.1967,107600.0,125730.0,133850.0,134980.0
JiriValenta.1965,165270.0,173450.0,190640.0,194540.0
DanTok.1959,1446360.0,1738540.0,1864820.0,1903540.0
MarketaPekarovaAdamova.1984,314220.0,336710.0,367230.0,373760.0
KarlaSlechtova.1977,1369830.0,1475620.0,1583060.0,1614240.0
AntoninSeda.1960,387100.0,422690.0,476000.0,479840.0
BohuslavChalupa.1960,231420.0,245480.0,271350.0,272300.0
DanielHerman.1963,948970.0,1008800.0,1083270.0,1108980.0
MiroslavaNemcova.1952,887310.0,978960.0,1033690.0,1055550.0
IvanGabal.1951,231810.0,271920.0,315980.0,325840.0
VeraKovarova.1964,1242680.0,1397400.0,1563660.0,1607240.0
SimeonKaramazov.1963,1041140.0,1091500.0,1219220.0,1252990.0
MartinNovotny.1972,468730.0,560630.0,590340.0,595930.0
AdolfBeznoska.1961,595380.0,686310.0,741510.0,759360.0
LudvikHovorka.1963,2370120.0,2925660.0,3123360.0,3241190.0
JiriMihola.1972,2298070.0,2740010.0,2957190.0,3156960.0
PavelBlazek.1969,41260.0,44120.0,49540.0,49540.0
MilanChovanec.1970,1226760.0,1349920.0,1439850.0,1482800.0
PavelHolik.1957,138830.0,150950.0,160210.0,163250.0
RomanSklenak.1970,384720.0,444510.0,495700.0,501330.0
MichaelaMarksova.1969,341990.0,388930.0,416790.0,423300.0
VaclavKlucka.1953,207510.0,234870.0,251670.0,257470.0
VlastimilGabrhel.1978,56950.0,61120.0,66250.0,66250.0
VladimirKonicek.1964,133470.0,151390.0,154960.0,155310.0
MiroslavGrebenicek.1947,339850.0,396570.0,419620.0,428490.0
TomioOkamura.1972,1894220.0,3114460.0,3391190.0,3559630.0
JitkaChalankova.1957,278990.0,297040.0,328520.0,334410.0
JanMladek.1960,597370.0,717010.0,762750.0,790590.0
JanaPastuchova.1965,378210.0,436780.0,460300.0,471000.0
LeoLuzar.1964,286500.0,331160.0,354800.0,360860.0
IgorJakubcik.1967,143140.0,160810.0,176120.0,177410.0
MiloslavaVostra.1965,89160.0,127490.0,132110.0,137710.0
ReneCip.1974,59850.0,64270.0,71520.0,71520.0
JanaCernochova.1973,441890.0,533540.0,564030.0,571080.0
VlastimilVozka.1954,136810.0,174590.0,191010.0,191010.0
VaclavVotava.1956,1165810.0,1441780.0,1571340.0,1615250.0
MartinStropnicky.1956,731000.0,921250.0,999710.0,1022600.0
RadimHolecek.1976,223990.0,234960.0,264630.0,270120.0
PavelSramek.1965,73020.0,88490.0,102490.0,104410.0
JosefKott.1970,500990.0,713060.0,816000.0,827120.0
HelenaLangsadlova.1963,621650.0,696910.0,771940.0,788400.0
PavlaGolasowska.1964,301800.0,332630.0,379530.0,388220.0
MariePencikova.1979,71520.0,77490.0,85300.0,86150.0
JanaFischerova.1955,186090.0,209960.0,228090.0,232530.0
NinaNovakova.1954,480390.0,579290.0,624260.0,634090.0
FrantisekLaudat.1960,1427670.0,1708680.0,1838560.0,1878410.0
DanielKorte.1953,124620.0,140340.0,165240.0,175110.0
RobinBohnisch.1976,35270.0,47460.0,50180.0,51750.0
JanKlan.1982,1398120.0,1723830.0,1925940.0,1987770.0
MarianJurecka.1981,2175380.0,2856010.0,3133840.0,3326940.0
JanChvojka.1980,392800.0,474010.0,506850.0,512800.0
SonaMarkova.1963,391040.0,445810.0,494680.0,511410.0
KarelRais.1949,345870.0,436130.0,479990.0,509020.0
MiloslavJanulik.1962,264330.0,329600.0,370160.0,382150.0
VladislavVilimec.1963,673770.0,991410.0,1041110.0,1063370.0
GabrielaPeckova.1957,123740.0,162390.0,172930.0,173400.0
JiriJunek.1973,410120.0,534400.0,577200.0,593790.0
KvetaMatusovska.1984,110750.0,129340.0,144830.0,150930.0
RomanKubicek.1963,699670.0,892050.0,972330.0,998420.0
IvanPilny.1944,507950.0,599940.0,642080.0,664250.0
PetrKudela.1969,807310.0,986340.0,1120670.0,1150160.0
StepanStupcuk.1976,571400.0,718570.0,794740.0,807020.0
IvanAdamec.1960,499470.0,802630.0,945510.0,954940.0
MartinKolovratnik.1975,671260.0,745920.0,800550.0,811810.0
PavelKovacik.1955,2051950.0,2469140.0,2682960.0,2749700.0
MiroslavKalousek.1960,2833390.0,3337570.0,3672050.0,3741620.0
LeosHeger.1948,1671200.0,2002690.0,2163840.0,2205370.0
JiriStetina.1941,835750.0,1084430.0,1195330.0,1247270.0
JanaLorencova.1940,54340.0,73130.0,87630.0,87740.0
VitezslavJandak.1947,21960.0,23010.0,28290.0,28290.0
FrantisekVacha.1966,703590.0,886380.0,975690.0,990690.0
HerbertPavera.1958,661850.0,906020.0,966610.0,993500.0
JosefHajek.1956,172380.0,209380.0,221880.0,224790.0
VaclavZemek.1974,702650.0,917260.0,1030120.0,1065340.0
ZdenekSoukup.1952,678310.0,771930.0,952660.0,997020.0
ZuzanaKailova.1974,2830.0,2820.0,3370.0,3370.0
LadislavOklestek.1961,139440.0,163510.0,174070.0,177110.0
RomKostrica.1949,321950.0,407910.0,431980.0,451310.0
JanVolny.1959,263760.0,305420.0,335160.0,335160.0
RomanProchazka.1968,142930.0,163240.0,174800.0,176190.0
MartinaBerdychova.1971,40300.0,43050.0,45530.0,45530.0
JiriSkalicky.1954,596960.0,688450.0,753530.0,777930.0
JaroslavZavadil.1944,218350.0,436650.0,475350.0,478990.0
JanFarsky.1979,1506790.0,1827250.0,1970550.0,2122530.0
MartinKomarek.1961,160070.0,189990.0,209720.0,214180.0
MartinLank.1976,1335580.0,1534900.0,1695430.0,1777320.0
JaroslavFaltynek.1962,181820.0,223790.0,264410.0,269210.0
MiroslavOpalka.1952,452600.0,518940.0,573550.0,594770.0
AugustinKarelAndrleSylor.1946,332990.0,422140.0,457410.0,466940.0
JiriKoubek.1976,866960.0,1298500.0,1401110.0,1433560.0
JosefNekl.1953,533630.0,611650.0,667390.0,683430.0
JeronymTejc.1977,1239040.0,1498920.0,1592460.0,1624510.0
MarekBenda.1968,3415620.0,4359880.0,4723950.0,4843920.0
RobertPelikan.1979,537030.0,709680.0,769230.0,790830.0
KarelSidlo.1957,422710.0,460240.0,485170.0,505010.0
HelenaValkova.1951,733070.0,949280.0,982280.0,1002890.0
BronislavSchwarz.1966,42240.0,48750.0,53240.0,53240.0
BohuslavSvoboda.1944,640330.0,915590.0,967820.0,983760.0
OlgaHavlova.1953,560040.0,623170.0,712050.0,728970.0
MargitaBalastikova.1967,692270.0,889590.0,956760.0,979650.0
MarieBenesova.1948,333740.0,379320.0,420320.0,420320.0
DavidKadner.1976,435210.0,500270.0,587950.0,607700.0
MartinPlisek.1974,1344220.0,1662270.0,1761440.0,1791060.0
RadkaMaxova.1968,1012360.0,1150070.0,1218860.0,1282330.0
JiriDienstbier.1969,2141070.0,2456090.0,2602700.0,2766970.0
MichalKucera.1968,147390.0,180960.0,190220.0,198080.0
LukasPleticha.1974,2027830.0,2544700.0,2952280.0,3129870.0
StanislavGrospic.1964,412420.0,508230.0,527650.0,587530.0
JiriHolecek.1972,432860.0,528890.0,578070.0,593390.0
ZdenekOndracek.1969,524270.0,656010.0,701770.0,714540.0
JiriZemanek.1965,51740.0,71080.0,75250.0,75630.0
LadislavVelebny.1957,17330.0,17920.0,20790.0,20790.0
JosefSenfeld.1961,202230.0,235200.0,246570.0,251130.0
JaroslavKrakora.1955,347830.0,416070.0,451180.0,459680.0
VitKankovsky.1970,936990.0,1050140.0,1127860.0,1160610.0
JosefZahradnicek.1957,58360.0,69560.0,70740.0,76590.0
RadekVondracek.1973,117700.0,128890.0,138710.0,142400.0
KristynaZelienkova.1974,230820.0,250690.0,261950.0,269110.0
VlastaBohdalova.1957,1495090.0,1684090.0,1827790.0,1929370.0
MilanUrban.1958,123200.0,164080.0,177160.0,178970.0
SvatoplukNemecek.1972,670080.0,740250.0,772700.0,891950.0
PavelAntonin.1962,80030.0,93710.0,100690.0,101430.0
JaroslavKlaska.1962,99980.0,111310.0,113650.0,120990.0
JosefNovotny.1952,228440.0,272680.0,290460.0,304890.0
KarelCerny.1965,231900.0,247640.0,267290.0,275390.0
GabrielaHubackova.1975,169610.0,199020.0,211220.0,233070.0
MilanBrazdil.1962,162600.0,176110.0,202520.0,206230.0
RostislavVyzula.1952,232110.0,273010.0,307310.0,316340.0
LubomirZaoralek.1956,847980.0,1055210.0,1154700.0,1242520.0
ZdenekSyblik.1956,95340.0,115960.0,127290.0,129050.0
MilanSarapatka.1955,32690.0,44150.0,46000.0,47230.0
AnnaPutnova.1960,456500.0,521300.0,585700.0,600250.0
IvoPojezny.1961,289860.0,326630.0,361220.0,368650.0
PavelPloc.1964,10880.0,11270.0,17210.0,17210.0
IvanaDobesova.1960,583470.0,732890.0,810960.0,826840.0
KarelSchwarzenberg.1937,146170.0,180160.0,192810.0,196290.0
RadimFiala.1969,269690.0,284280.0,321890.0,331270.0
JaroslavHolik.1953,73950.0,84800.0,101190.0,102410.0
VaclavSnopek.1951,26710.0,29110.0,36190.0,36190.0
JiriKoskuba.1955,97780.0,106550.0,116270.0,118130.0
JiriBehounek.1952,11610.0,13070.0,14700.0,14700.0
FrantisekAdamek.1955,158840.0,188010.0,200250.0,202780.0
JiriPetru.1956,277010.0,327340.0,355410.0,365420.0
JiriZlatuska.1957,408320.0,588960.0,625660.0,640140.0
JaroslavFoldyna.1960,50160.0,55300.0,58180.0,58180.0
