election_period,speaker,role,length_word,length_sentence,length_paragraph,length_utterance,utterance-paragraph,paragraph-sentence,sentence-word,unanchored,words_per_minute
ps2017,RadekVondracek.1973,chair,0.5846444444444444,0.8767972222222222,1.0740222222222222,1.2298694444444442,0.12671850896549544,0.18363214086197266,0.3332044974290901,0.10625986322987901,77.28462596526732
ps2017,StanislavGrospic.1964,regular,0.09351666666666668,0.10991944444444444,0.11550555555555556,0.13329444444444444,0.1334555912141041,0.04836227213698235,0.14922544287483258,0.08909730363423213,106.65610803150919
ps2017,MartinKolovratnik.1975,regular,0.25097777777777774,0.2955638888888889,0.3146277777777778,0.31991388888888894,0.016523543661922914,0.06059188105874667,0.15085100983994812,0.1071819176084579,142.90303814394497
ps2017,JanBartosek.1971,regular,0.06533333333333333,0.11816944444444445,0.1319611111111111,0.13247777777777778,0.0039000251614526547,0.10451311413295163,0.44712160033849696,0.13636363636363635,91.33607313595571
ps2017,RadimFiala.1969,regular,0.06645,0.08289444444444445,0.09023611111111113,0.09100833333333333,0.008485181454689742,0.0813606279821456,0.19837812479056363,0.08236994219653179,126.7283215822727
ps2017,PetrGazdik.1974,regular,0.006563888888888888,0.007091666666666667,0.007741666666666667,0.007741666666666667,0.0,0.08396124865446716,0.07442224833529182,0.10144927536231885,148.54682454251883
ps2017,FrantisekVacha.1966,regular,0.007177777777777778,0.009758333333333334,0.01006388888888889,0.01006388888888889,0.0,0.030361578802097708,0.26444634215769997,0.07575757575757576,109.30168368755176
ps2017,ZbynekStanjura.1964,regular,0.1677388888888889,0.19218055555555555,0.23352777777777778,0.23565000000000003,0.009005823136949807,0.177054835256334,0.12718074727180748,0.1283851554663992,141.0283612702454
ps2017,KarelRais.1949,regular,0.046677777777777776,0.055336111111111114,0.05843888888888889,0.0668888888888889,0.12632890365448504,0.053094400608422854,0.1564680487927313,0.10643564356435643,100.66445182724252
ps2017,JanHamacek.1978,chair,0.07335277777777778,0.08880555555555555,0.09799444444444444,0.09951111111111112,0.015241179097811523,0.0937694880662169,0.17400688145136065,0.1165644171779141,136.50066994193836
ps2017,PetrPavek.1963,regular,0.0011888888888888889,0.001025,0.0013861111111111112,0.0013861111111111112,0.0,0.2605210420841683,-0.15989159891598917,0.0,156.31262525050101
ps2017,JaroslavFaltynek.1962,regular,0.14518333333333333,0.1888,0.2180722222222222,0.2238111111111111,0.02564166211587152,0.13423177846279266,0.2310204802259887,0.10403120936280884,114.53110261629351
ps2017,VojtechPikal.1987,chair,0.29365555555555556,0.4137,0.5199166666666667,0.6101083333333333,0.1478289374837802,0.20429556018592723,0.29017269626406683,0.10945442222975263,80.6140985890484
ps2017,VojtechFilip.1955,chair,0.5948388888888889,0.7253388888888889,0.9154388888888889,0.9568222222222221,0.043250807069698305,0.20765995666923576,0.17991590137943184,0.09383283265594627,98.57282207306595
ps2017,JanChvojka.1980,regular,0.10865833333333333,0.20399166666666665,0.21307500000000001,0.21498333333333336,0.008876657105201954,0.04262974695920842,0.46733935209771643,0.1651305683563748,100.9380572137375
ps2017,LeoLuzar.1964,regular,0.11612777777777779,0.13302777777777777,0.14655,0.1477,0.007786052809749492,0.0922703665794761,0.1270411359365212,0.09667896678966789,152.900022568269
ps2017,RobertPelikan.1979,regular,0.014341666666666667,0.03176111111111111,0.05412222222222222,0.05412222222222222,0.0,0.4131595154998974,0.5484519853069791,0.09883720930232558,52.966536645452685
ps2017,TomioOkamura.1972,chair,0.03700833333333333,0.05183611111111111,0.058625000000000003,0.059388888888888894,0.012862488306828812,0.11580194266761432,0.28605112266223676,0.3292894280762565,161.92703461178672
ps2017,PavelBelobradek.1976,guest,0.08820555555555556,0.1094861111111111,0.12044166666666666,0.12165833333333334,0.01000068497842318,0.0909615074148389,0.19436762653812,0.0881104033970276,129.0499349270498
ps2017,IvanBartos.1980,regular,0.02308611111111111,0.027327777777777777,0.028136111111111115,0.02871388888888889,0.02012189223178872,0.02872939085793267,0.1552144744866843,0.1016949152542373,136.98365096256165
ps2017,MikulasFerjencik.1987,regular,0.008725,0.01069722222222222,0.012294444444444443,0.012294444444444443,0.0,0.1299141436963398,0.18436769670215528,0.037037037037037035,109.80569362855853
ps2017,PetrFiala.1964,chair,0.011727777777777778,0.012672222222222222,0.013600000000000001,0.013755555555555556,0.011308562197092083,0.068218954248366,0.07452871547566857,0.049019607843137254,123.58642972536349
ps2017,MarketaPekarovaAdamova.1984,regular,0.03530833333333334,0.041147222222222224,0.043769444444444444,0.04539444444444444,0.03579733202790356,0.05990988132258679,0.14190238304192263,0.2603036876355748,169.25712887039532
ps2017,HelenaLangsadlova.1963,regular,0.027494444444444446,0.033361111111111105,0.03576666666666666,0.0361,0.009233610341643583,0.06725691208449829,0.1758534554537885,0.06465517241379311,107.10987996306557
ps2013,JanBartosek.1971,chair,1.797325,2.196386111111111,2.9656583333333333,3.3876444444444447,0.12456623415811707,0.2593934080591062,0.18168987187286187,0.11682140906608411,90.0822597150429
ps2013,ZuzkaBebarovaRujbrova.1951,regular,0.055691666666666674,0.06251944444444445,0.06714166666666667,0.06781944444444445,0.00999385623592054,0.06884282818253279,0.10921046785444528,0.05841121495327103,105.18124104034405
ps2013,MarekCernoch.1969,regular,0.4321777777777777,0.48914722222222223,0.5420222222222222,0.560636111111111,0.033201373439892184,0.09755135090812185,0.11646686693962849,0.0627867664815262,123.10421198142984
ps2013,PavelPlzak.1960,regular,0.019275,0.021277777777777777,0.023338888888888888,0.023477777777777774,0.005915759583530526,0.08831230659366818,0.09412532637075718,0.07207207207207207,157.59583530525322
ps2013,ZbynekStanjura.1964,regular,1.7260277777777777,2.0268916666666668,2.323455555555556,2.373697222222222,0.021165996318448364,0.1276391485861576,0.14843609741791275,0.12258832048828427,135.74463653161794
ps2013,KarelFiedler.1961,regular,0.2775416666666667,0.321675,0.3471222222222223,0.3526138888888889,0.015574164375576054,0.07330911302455106,0.13719851817310433,0.06976744186046512,119.91397578402564
ps2013,PetrFiala.1964,regular,0.5113111111111112,0.5780027777777778,0.6102638888888888,0.6197694444444444,0.015337244584679787,0.05286419809281049,0.11538295183125802,0.06417686198755097,125.28852575106335
ps2013,JanHamacek.1978,chair,1.1657388888888889,1.518247222222222,1.870875,2.1713333333333336,0.13837503837887627,0.18848281033087608,0.23218111528462096,0.0989663872385448,94.31225053730427
ps2013,KaterinaValachova.1976,regular,0.5395805555555556,0.6500888888888888,0.6917861111111111,0.7066138888888889,0.020984271624059973,0.06027473167284365,0.16998957407534013,0.13306451612903225,134.53834995538188
ps2013,JanZahradnik.1949,regular,0.49798888888888887,0.7494555555555557,0.8112111111111112,0.852425,0.04834899127652156,0.07612760070676218,0.33553246060102887,0.10676084762865792,96.8804684674116
ps2013,RichardBrabec.1966,regular,0.7768250000000001,0.99,1.059511111111111,1.0869638888888888,0.0252563843733948,0.0656067788078359,0.21532828282828284,0.07295694766692447,118.95519374813126
ps2013,PetrBendl.1966,regular,1.2810416666666666,1.8551499999999999,1.971572222222222,2.0493277777777776,0.0379419809747912,0.059050447612311666,0.30946733866982906,0.08207080936563234,100.38251025403994
ps2013,VojtechFilip.1955,chair,1.7377250000000002,2.3618388888888893,3.190827777777778,3.346233333333333,0.04644193637290353,0.25980370819832543,0.2642491373247305,0.12921113827440225,83.53173219639993
ps2013,RomanVana.1966,regular,0.005441666666666667,0.005619444444444444,0.006086111111111112,0.006086111111111112,0.0,0.07667731629392971,0.03163618388531883,0.05263157894736842,156.09310816978547
ps2013,OndrejBenesik.1976,regular,0.03796388888888889,0.04022222222222223,0.04574444444444445,0.04650833333333334,0.016424774532640508,0.12071897012387661,0.056146408839779005,0.0621301775147929,121.12524637161798
ps2013,JanaHnykova.1963,regular,0.40855277777777776,0.44253055555555554,0.48277777777777775,0.49316666666666664,0.021065675340768277,0.08336593785960875,0.0767806366164295,0.05460030165912519,112.03109158499493
ps2013,MartaSemelova.1960,regular,0.3130722222222222,0.39222777777777773,0.42057500000000003,0.4274777777777778,0.016147687988979285,0.06740111091296967,0.2018101726604439,0.05666041275797373,103.90403659709406
ps2013,StanislavMackovik.1967,regular,0.02988888888888889,0.034925,0.03718055555555556,0.03749444444444445,0.008371610608979108,0.060664923421740756,0.14419788435536468,0.07666666666666666,133.35308934656987
ps2013,JiriValenta.1965,regular,0.045908333333333336,0.04818055555555555,0.05295555555555555,0.054038888888888886,0.02004729104554333,0.09016995383969786,0.047160565004324015,0.06639004149377593,148.6583735992598
ps2013,DanTok.1959,regular,0.40176666666666666,0.48292777777777773,0.5180055555555555,0.5287611111111111,0.020341048782794163,0.06771699145225812,0.16806055655895177,0.06048028461310406,106.31770280635028
ps2013,MarketaPekarovaAdamova.1984,regular,0.08728333333333334,0.09353055555555555,0.10200833333333334,0.10382222222222222,0.017471104452054794,0.08310867848487324,0.06679338302990705,0.0691609977324263,141.58818493150685
ps2013,JaroslavaPokornaJermanova.1970,chair,1.0659333333333334,1.2636250000000002,1.565875,1.787763888888889,0.1241153209704861,0.19302307016843617,0.15644804959277211,0.0878520386717108,88.71417584039652
ps2013,KarlaSlechtova.1977,regular,0.3805083333333333,0.4098944444444444,0.4397388888888889,0.4484,0.01931559123798196,0.06786855836165401,0.07169189899838711,0.05286588759042849,133.58608385370206
ps2013,AntoninSeda.1960,regular,0.10752777777777779,0.11741388888888889,0.1322222222222222,0.13328888888888887,0.008002667555851951,0.11199579831932772,0.08419882183160235,0.061010486177311724,131.1687229076359
ps2013,BohuslavChalupa.1960,regular,0.06428333333333333,0.06818888888888888,0.075375,0.07563888888888888,0.00348879911861917,0.09533812419384559,0.05727554179566564,0.04900459418070444,143.88542049210432
ps2013,DanielHerman.1963,regular,0.2636027777777778,0.2802222222222222,0.30090833333333333,0.30805,0.023183465887572363,0.06874555743258837,0.059308088818398094,0.06611969111969113,112.10301358004652
ps2013,MiroslavaNemcova.1952,regular,0.24647499999999997,0.2719333333333333,0.2871361111111111,0.2932083333333333,0.020709582682014116,0.052946241136123985,0.09361975974503554,0.060109289617486336,135.22808014779028
ps2013,IvanGabal.1951,regular,0.06439166666666667,0.07553333333333333,0.08777222222222222,0.09051111111111111,0.030260250429658728,0.1394392050129755,0.14750661959399824,0.0825242718446602,113.79818315737786
ps2013,VeraKovarova.1964,regular,0.34518888888888893,0.3881666666666667,0.43435,0.44645555555555555,0.027114805505089466,0.10632746249184605,0.11071990840131674,0.05377456049638056,108.29745402055698
ps2013,SimeonKaramazov.1963,regular,0.28920555555555555,0.30319444444444443,0.3386722222222222,0.3480527777777778,0.02695153193561002,0.10475549941766048,0.04613834173156207,0.03847576766555679,129.4343929321064
ps2013,MartinNovotny.1972,regular,0.13020277777777778,0.15573055555555554,0.16398333333333334,0.16553611111111108,0.00938029634353028,0.05032693024358844,0.16392272978613345,0.08138528138528138,116.28882586881011
ps2013,AdolfBeznoska.1961,regular,0.16538333333333333,0.19064166666666665,0.205975,0.21093333333333333,0.02350663716814159,0.07444269126512117,0.13249114831490144,0.0531767955801105,114.41213653603033
ps2013,LudvikHovorka.1963,regular,0.6583666666666665,0.8126833333333333,0.8676,0.9003305555555555,0.0363539317349492,0.06329721838020594,0.1898853592010008,0.076018549188473,111.77376210589321
ps2013,JiriMihola.1972,regular,0.6383527777777778,0.761113888888889,0.8214416666666667,0.8769333333333333,0.06327923065227307,0.07344134127330337,0.16129138214824035,0.07966040462427745,105.21514368253003
ps2013,PavelBlazek.1969,regular,0.011461111111111111,0.012255555555555554,0.013761111111111111,0.013761111111111111,0.0,0.10940654016955995,0.06482320942883046,0.10687022900763359,158.6596689543803
ps2013,MilanChovanec.1970,regular,0.3407666666666667,0.3749777777777778,0.3999583333333333,0.41188888888888886,0.02896547073104937,0.06245789491960968,0.09123503615029038,0.07561436672967864,128.43269490153764
ps2013,PavelHolik.1957,regular,0.03856388888888889,0.041930555555555554,0.04450277777777778,0.04534722222222222,0.01862174578866769,0.057799138630547406,0.08029148724743293,0.1016949152542373,130.1071975497703
ps2013,RomanSklenak.1970,regular,0.10686666666666668,0.123475,0.13769444444444445,0.13925833333333332,0.011230127859892686,0.10326810570909825,0.1345076601201323,0.07314814814814814,129.25617856501705
ps2013,AndrejBabis.1954,guest,0.5952305555555556,0.6904138888888889,0.7676083333333333,0.7993250000000001,0.03967931275346907,0.10056488588291917,0.13786416360556672,0.11149595909615702,126.41916617145715
ps2013,MichaelaMarksova.1969,regular,0.09499722222222222,0.10803611111111112,0.115775,0.11758333333333335,0.015379163713678243,0.06684421411262266,0.12069009847530404,0.059178743961352656,117.363571934798
ps2013,VaclavKlucka.1953,regular,0.05764166666666667,0.06524166666666667,0.06990833333333332,0.07151944444444445,0.02252689633743737,0.06675408272738109,0.11648997317665091,0.0737527114967462,107.42999184370993
ps2013,VlastimilGabrhel.1978,regular,0.015819444444444445,0.016977777777777776,0.01840277777777778,0.01840277777777778,0.0,0.07743396226415095,0.06822643979057591,0.030303030303030304,119.54716981132074
ps2013,VladimirKonicek.1964,regular,0.037075,0.04205277777777778,0.04304444444444445,0.04314166666666667,0.0022535574013263795,0.023038203407330923,0.11836977343285554,0.04067796610169491,113.96561715279118
ps2013,MiroslavGrebenicek.1947,regular,0.0944027777777778,0.11015833333333333,0.11656111111111112,0.11902499999999999,0.020700599780624985,0.05493065154187122,0.1430264518243942,0.025684931506849314,81.7755373520969
ps2013,TomioOkamura.1972,regular,0.5261722222222223,0.8651277777777777,0.9419972222222222,0.9887861111111111,0.04731952478207006,0.08160262326793839,0.39179825716175515,0.31770190593720005,122.92850661445149
ps2013,JitkaChalankova.1957,regular,0.07749722222222223,0.08251111111111112,0.09125555555555556,0.09289166666666666,0.01761310965581173,0.09582369414343114,0.06076622677080528,0.04477611940298507,120.2117161568135
ps2013,JanMladek.1960,regular,0.16593611111111112,0.19916944444444443,0.211875,0.21960833333333335,0.03521420711114484,0.05996722386102917,0.16685959749515347,0.10481770833333333,116.57116836792774
ps2013,JanaPastuchova.1965,regular,0.10505833333333332,0.12132777777777777,0.12786111111111112,0.13083333333333333,0.022717622080679404,0.05109711058005648,0.13409496771830212,0.07819905213270142,107.51592356687898
ps2013,LeoLuzar.1964,regular,0.07958333333333334,0.0919888888888889,0.09855555555555555,0.1002388888888889,0.016793216205730776,0.0666290868094701,0.13485928252204374,0.07848443843031123,122.8731363963864
ps2013,IgorJakubcik.1967,regular,0.03976111111111111,0.04466944444444444,0.04892222222222222,0.04928055555555556,0.007271292486331097,0.08692936634113105,0.10988122629189727,0.10880829015544041,130.54506510343273
ps2013,MiloslavaVostra.1965,regular,0.024766666666666666,0.035413888888888884,0.03669722222222223,0.03825277777777778,0.04066516592840026,0.034970857618651124,0.30065103145344735,0.13934426229508196,106.31036235567497
ps2013,ReneCip.1974,regular,0.016625,0.017852777777777776,0.019866666666666664,0.019866666666666664,0.0,0.10137024608501119,0.06877236657849696,0.07092198581560284,118.28859060402685
ps2013,JanaCernochova.1973,regular,0.12274722222222222,0.14820555555555556,0.15667499999999998,0.15863333333333335,0.012345030468585837,0.05405740829388508,0.17177718634029313,0.047619047619047616,114.72998529102752
ps2013,VlastimilVozka.1954,regular,0.03800277777777778,0.04849722222222222,0.05305833333333333,0.05305833333333333,0.0,0.08596408564996597,0.21639269144853657,0.05303030303030303,82.92759541385267
ps2013,VaclavVotava.1956,regular,0.3238361111111111,0.40049444444444443,0.43648333333333333,0.4486805555555556,0.027184646339575916,0.08245192001731007,0.19140923025704337,0.06180939226519337,107.57467884228447
ps2013,MartinStropnicky.1956,regular,0.20305555555555557,0.25590277777777776,0.2776972222222222,0.28405555555555556,0.022384118912575787,0.07848276000040011,0.20651289009497964,0.07445708376421924,113.47545472325446
ps2013,RadimHolecek.1976,regular,0.06221944444444445,0.06526666666666667,0.07350833333333333,0.07503333333333333,0.0203243003109729,0.11211880739145222,0.046688798093292475,0.060650887573964495,150.15548645046647
ps2013,PavelSramek.1965,regular,0.02028333333333333,0.024580555555555553,0.028469444444444443,0.029002777777777777,0.018389043195096256,0.13659869255537124,0.17482201378686857,0.11055276381909548,114.35686236950484
ps2013,JosefKott.1970,regular,0.1391638888888889,0.1980722222222222,0.22666666666666666,0.22975555555555557,0.013444240255343843,0.12615196078431373,0.2974083527332903,0.05756578947368421,88.20969145952219
ps2013,HelenaLangsadlova.1963,regular,0.17268055555555556,0.1935861111111111,0.2144277777777778,0.21899999999999997,0.020877727042110605,0.09719667331657901,0.10799098879338795,0.05263157894736842,118.56925418569256
ps2013,PavlaGolasowska.1964,regular,0.08383333333333334,0.09239722222222223,0.105425,0.10783888888888889,0.022384215135747773,0.12357389402682264,0.09268556654541081,0.07133917396745933,123.48668280871671
ps2013,MariePencikova.1979,regular,0.019866666666666664,0.021525,0.023694444444444445,0.02393055555555556,0.009866511897852582,0.09155920281359906,0.0770421989934185,0.05172413793103448,161.5786419036564
ps2013,JanaFischerova.1955,regular,0.05169166666666667,0.05832222222222223,0.06335833333333334,0.06459166666666667,0.0190943104115598,0.07948616774080407,0.11368832158506383,0.06526806526806526,110.69539414269126
ps2013,NinaNovakova.1954,regular,0.13344166666666665,0.16091388888888888,0.17340555555555556,0.1761361111111111,0.01550253118642464,0.07203729215391023,0.17072623383797408,0.04434782608695652,108.8173603116277
ps2013,FrantisekLaudat.1960,regular,0.39657500000000007,0.47463333333333335,0.5107111111111111,0.5217805555555556,0.021214750773260363,0.0706422417544165,0.1644602851323829,0.06909894969596463,115.56582428756235
ps2013,DanielKorte.1953,regular,0.034616666666666664,0.038983333333333335,0.0459,0.04864166666666667,0.05636457084118554,0.15068990559186637,0.11201368106028217,0.08682634730538923,114.44235052252868
ps2013,RobinBohnisch.1976,regular,0.009797222222222225,0.013183333333333333,0.01393888888888889,0.014375,0.03033816425120773,0.054204862495017936,0.25684787189211966,0.10344827586206896,100.8695652173913
ps2013,JanKlan.1982,regular,0.38836666666666664,0.47884166666666667,0.5349833333333334,0.5521583333333333,0.031105208349054468,0.10494096389295617,0.18894554567445745,0.08042959427207637,126.47338474773238
ps2013,MarianJurecka.1981,regular,0.6042722222222223,0.7933361111111112,0.8705111111111112,0.9241499999999999,0.05804132325800886,0.08865481326423812,0.2383149918942861,0.14406908044235722,119.04633086259446
ps2013,JanChvojka.1980,regular,0.10911111111111112,0.13166944444444445,0.14079166666666668,0.14244444444444443,0.011602964118564743,0.06479234487520963,0.17132549946203668,0.10366328916601715,150.11700468018722
ps2013,SonaMarkova.1963,regular,0.10862222222222223,0.1238361111111111,0.13741111111111112,0.14205833333333334,0.03271347842240081,0.09879113770518315,0.12285502792669523,0.05228031145717464,105.47310377192467
ps2013,KarelRais.1949,regular,0.096075,0.12114722222222223,0.13333055555555556,0.14139444444444443,0.0570311579112805,0.09137690368549345,0.20695664136839934,0.08814270724029381,112.33350359514361
ps2013,MiloslavJanulik.1962,regular,0.073425,0.09155555555555557,0.10282222222222222,0.10615277777777778,0.03137511448384142,0.10957423816727901,0.19802791262135921,0.11910112359550562,139.73570587465656
ps2013,VladislavVilimec.1963,regular,0.18715833333333334,0.27539166666666665,0.2891972222222222,0.2953805555555555,0.020933447435981824,0.04773751092583877,0.3203921687293854,0.11666666666666667,101.56389591581483
ps2013,GabrielaPeckova.1957,regular,0.03437222222222222,0.04510833333333333,0.04803611111111112,0.04816666666666667,0.002710495963091119,0.06094951714566588,0.23800726645729417,0.07931034482758621,100.34602076124567
ps2013,PetrGazdik.1974,chair,1.1962583333333332,1.3549333333333335,1.7137638888888889,1.9834416666666668,0.13596456215976999,0.20938155943302186,0.11710908285770517,0.09521492295214923,103.60778612932907
ps2013,JiriJunek.1973,regular,0.11392222222222223,0.14844444444444443,0.16033333333333336,0.16494166666666665,0.02793917041378265,0.07415107415107415,0.23255988023952096,0.11558538404175989,135.50245036123883
ps2013,KvetaMatusovska.1984,regular,0.03076388888888889,0.03592777777777778,0.04023055555555556,0.041925000000000004,0.04041608692771483,0.10695297935510599,0.14372970465439927,0.07037037037037037,107.33452593917708
ps2013,RomanKubicek.1963,regular,0.19435277777777776,0.24779166666666666,0.2700916666666667,0.2773388888888889,0.02613128743414595,0.08256456141433464,0.21566055714365787,0.09249183895538629,110.45451813865907
ps2013,IvanPilny.1944,regular,0.1410972222222222,0.16665000000000002,0.17835555555555557,0.1845138888888889,0.03337598795634174,0.06563045103413905,0.15333199986665333,0.08582326764144946,142.0850583364697
ps2013,PetrKudela.1969,regular,0.22425277777777775,0.27398333333333336,0.3112972222222223,0.3194888888888889,0.025639910968908674,0.11986579456932014,0.18150941865888032,0.08126293995859213,100.78597760311608
ps2013,StepanStupcuk.1976,regular,0.15872222222222224,0.1996027777777778,0.2207611111111111,0.22417222222222222,0.015216475428118261,0.09584266552583234,0.20480955230527298,0.05465191932335719,114.27226091051027
ps2013,IvanAdamec.1960,regular,0.13874166666666668,0.22295277777777775,0.26264166666666666,0.2652611111111111,0.009874965966448154,0.15111421349324702,0.3777082840162964,0.19000581057524696,108.13244811192325
ps2013,MartinKolovratnik.1975,regular,0.1864611111111111,0.20719999999999997,0.222375,0.22550277777777777,0.013870240573533251,0.06824058459808881,0.10009116259116259,0.06103286384976526,141.68339882484818
ps2013,PavelKovacik.1955,regular,0.5699861111111111,0.6858722222222222,0.7452666666666666,0.7638055555555555,0.024271738735134742,0.07969556012762025,0.1689616627651733,0.07794173287930382,115.34349201731098
ps2013,MiroslavKalousek.1960,regular,0.7870527777777777,0.9271027777777778,1.020013888888889,1.0393388888888888,0.018593550387265408,0.09108808431257745,0.15106200019774865,0.08030773383722499,118.80949962850318
ps2013,LeosHeger.1948,regular,0.46422222222222226,0.5563027777777777,0.6010666666666666,0.6126027777777777,0.018831307218289902,0.07447408311150547,0.16552237240910975,0.05448985265499027,97.8611298784331
ps2013,JiriStetina.1941,regular,0.2321527777777778,0.30123055555555556,0.3320361111111111,0.34646388888888885,0.041642948198866325,0.09277772665289083,0.22931862821943325,0.06238779174147217,107.17807691999327
ps2013,JanaLorencova.1940,regular,0.015094444444444445,0.02031388888888889,0.024341666666666664,0.024372222222222222,0.001253704125826305,0.16546844687892273,0.2569396964310133,0.13414634146341464,112.14953271028038
ps2013,VitezslavJandak.1947,regular,0.0060999999999999995,0.006391666666666667,0.007858333333333333,0.007858333333333333,0.0,0.18663838812301167,0.04563233376792699,0.019230769230769232,110.2863202545069
ps2013,FrantisekVacha.1966,regular,0.19544166666666665,0.24621666666666667,0.271025,0.27519166666666667,0.015140962359567574,0.09153522122805399,0.20622080823123265,0.04996837444655281,95.75144596190533
ps2013,FrantisekBublan.1951,guest,0.09231388888888888,0.11613611111111109,0.12600555555555557,0.13222777777777778,0.04705684635099366,0.07832547065826022,0.20512329881126073,0.0922384701912261,112.05411537330365
ps2013,HerbertPavera.1958,regular,0.18384722222222222,0.25167222222222224,0.2685027777777778,0.27597222222222223,0.027065928535480625,0.06268298486462999,0.2694973620891371,0.18047469771607702,134.8565676899849
ps2013,JosefHajek.1956,regular,0.047883333333333326,0.05816111111111111,0.06163333333333333,0.06244166666666666,0.012945415721339917,0.056336758608256716,0.17671219791766166,0.08266129032258064,132.3902308821567
ps2013,VaclavZemek.1974,regular,0.19518055555555555,0.25479444444444443,0.28614444444444437,0.2959277777777778,0.03305986821108754,0.10956005125616433,0.23396855853302226,0.12185602775368604,129.87403082583964
ps2013,ZdenekSoukup.1952,regular,0.18841944444444444,0.21442499999999998,0.2646277777777778,0.27695000000000003,0.044492587911977695,0.1897109147019923,0.12128042698172115,0.08749356664951106,116.9284467713787
ps2013,ZuzanaKailova.1974,regular,0.0007861111111111111,0.0007833333333333334,0.0009361111111111112,0.0009361111111111112,0.0,0.1632047477744807,-0.0035460992907801418,0.9438202247191011,3169.1394658753707
ps2013,LadislavOklestek.1961,regular,0.03873333333333333,0.04541944444444444,0.04835277777777778,0.049197222222222226,0.017164474055671616,0.06066524961222497,0.14720812182741116,0.04838709677419355,126.0233753034837
ps2013,RomKostrica.1949,regular,0.08943055555555554,0.11330833333333334,0.11999444444444446,0.12536388888888889,0.042830870133611046,0.05572017223019584,0.2107327596773798,0.09100418410041841,127.09667412643194
ps2013,JanVolny.1959,regular,0.07326666666666666,0.0848388888888889,0.0931,0.0931,0.0,0.08873373910967895,0.13640233121603038,0.07246376811594203,123.52309344790547
ps2013,RomanProchazka.1968,regular,0.03970277777777778,0.045344444444444444,0.04855555555555556,0.04894166666666667,0.00788921051137976,0.06613272311212814,0.12441803479539329,0.10054347826086957,125.31925761961519
ps2013,MartinaBerdychova.1971,regular,0.011194444444444444,0.011958333333333331,0.012647222222222223,0.012647222222222223,0.0,0.05446958049637601,0.06387921022067364,0.03773584905660377,139.6881177245772
ps2013,JiriSkalicky.1954,regular,0.16582222222222223,0.1912361111111111,0.20931388888888888,0.21609166666666665,0.031365289936112505,0.0863668334372885,0.13289273004575497,0.0635881907645723,101.88577378427365
ps2013,JaroslavZavadil.1944,regular,0.06065277777777778,0.12129166666666666,0.13204166666666667,0.13305277777777777,0.007599323576692624,0.08141369517197854,0.4999427459063323,0.32903225806451614,116.49512515918913
ps2013,JanFarsky.1979,regular,0.4185527777777777,0.5075694444444444,0.5473750000000001,0.5895916666666667,0.07160322822292264,0.07272081398594302,0.17537830072513338,0.06801470588235294,107.64512162372263
ps2013,MartinKomarek.1961,regular,0.044463888888888886,0.052775,0.058255555555555553,0.05949444444444445,0.020823606312447476,0.0940778180431051,0.15748197273540712,0.05472636815920398,112.615557008124
ps2013,MartinLank.1976,regular,0.3709944444444444,0.42636111111111114,0.4709527777777778,0.49369999999999997,0.04607498930974726,0.09468394448605959,0.1298586227115773,0.07944643772424398,131.7264195530349
ps2013,JaroslavFaltynek.1962,regular,0.050505555555555554,0.06216388888888889,0.07344722222222223,0.07478055555555556,0.01782994688161658,0.15362505200257176,0.1875418919522767,0.10311284046692606,114.55740871438654
ps2013,MiroslavOpalka.1952,regular,0.12572222222222224,0.14415000000000003,0.15931944444444443,0.16521388888888888,0.03567765690939355,0.0952140179583297,0.12783751493428913,0.05125628140703518,100.37493484876506
ps2013,AugustinKarelAndrleSylor.1946,regular,0.09249722222222223,0.11726111111111111,0.12705833333333336,0.12970555555555555,0.020409474450678887,0.0771080649745305,0.21118586251006774,0.08265582655826559,94.83017089990149
ps2013,JiriKoubek.1976,regular,0.24082222222222222,0.36069444444444443,0.3891972222222222,0.3982111111111111,0.02263595524428695,0.07323479241458558,0.3323373122834039,0.1569746699964324,117.31633137085298
ps2013,JosefNekl.1953,regular,0.14823055555555556,0.16990277777777776,0.1853861111111111,0.18984166666666666,0.02346985060649958,0.08351938147110385,0.12755660917191203,0.1233140655105973,136.69285808349065
ps2013,JeronymTejc.1977,regular,0.34417777777777775,0.4163666666666667,0.44235,0.4512527777777778,0.019729025983219555,0.05873930899363249,0.17337816561257438,0.06836544437538844,118.85430068143624
ps2013,MarekBenda.1968,regular,0.9487833333333333,1.2110777777777777,1.3122083333333334,1.3455333333333332,0.024767130753604517,0.07706897829147218,0.21657935539510262,0.06394672867561568,117.19020958232176
ps2013,RobertPelikan.1979,regular,0.149175,0.19713333333333333,0.213675,0.219675,0.02731307613519973,0.07741507741507742,0.2432786608048698,0.07193119624706802,97.03728993589014
ps2013,KarelSidlo.1957,regular,0.11741944444444444,0.12784444444444445,0.13476944444444444,0.14028055555555555,0.03928635076533138,0.05138405095121298,0.08154441161133322,0.06562847608453838,106.80976614324469
ps2013,HelenaValkova.1951,regular,0.2036305555555556,0.2636888888888889,0.2728555555555555,0.27858055555555555,0.020550608740739263,0.0335953088732337,0.22776209337603237,0.08359456635318704,114.50906879119344
ps2013,BronislavSchwarz.1966,regular,0.011733333333333335,0.013541666666666667,0.01478888888888889,0.01478888888888889,0.0,0.0843350864012021,0.13353846153846155,0.1437908496732026,172.4267468069121
ps2013,BohuslavSvoboda.1944,regular,0.17786944444444447,0.25433055555555556,0.2688388888888889,0.27326666666666666,0.016203138976986258,0.0539666466905003,0.30063674788933914,0.07539936102236422,95.45010978287387
ps2013,OlgaHavlova.1953,regular,0.15556666666666666,0.17310277777777777,0.19779166666666667,0.20249166666666665,0.02321083172147002,0.12482269503546099,0.10130461992714669,0.04973624717407687,109.22260175315857
ps2013,MargitaBalastikova.1967,regular,0.19229722222222223,0.24710833333333335,0.26576666666666665,0.272125,0.023365487674169346,0.0702056942179857,0.22181004732517226,0.0572192513368984,114.53069973970295
ps2013,MarieBenesova.1948,regular,0.09270555555555555,0.10536666666666666,0.11675555555555556,0.11675555555555556,0.0,0.09754472782641797,0.12016239586628703,0.07602339181286549,97.63989341454129
ps2013,DavidKadner.1976,regular,0.12089166666666666,0.13896388888888886,0.16331944444444446,0.16880555555555557,0.03249958861280237,0.14912832723871078,0.13004977312251384,0.05644402634054563,104.95310185947012
ps2013,MartinPlisek.1974,regular,0.3733944444444444,0.46174166666666666,0.4892888888888889,0.49751666666666666,0.01653769276294485,0.05630052684167499,0.19133474104688167,0.062267657992565055,108.1370808348129
ps2013,RadkaMaxova.1968,regular,0.28121111111111113,0.3194638888888888,0.33857222222222216,0.35620277777777776,0.04949583960446999,0.05643798303332622,0.11974053753249803,0.06138211382113821,115.10297661288436
ps2013,JiriDienstbier.1969,regular,0.5947416666666666,0.6822472222222223,0.7229722222222221,0.7686027777777777,0.059368189752689766,0.05632996503630845,0.12826077220297302,0.061928744637194555,116.24990513088325
ps2013,MichalKucera.1968,regular,0.04094166666666666,0.05026666666666667,0.05283888888888889,0.05502222222222222,0.039680936995153474,0.04868047523919672,0.1855106100795756,0.06914893617021277,113.89337641357027
ps2013,LukasPleticha.1974,regular,0.563286111111111,0.706861111111111,0.8200777777777778,0.8694083333333332,0.05674037579835584,0.1380560109474711,0.20311628089755177,0.09535452322738386,101.9275560965791
ps2013,StanislavGrospic.1964,regular,0.11456111111111111,0.141175,0.14656944444444442,0.16320277777777778,0.10191819992170613,0.036804700085283804,0.18851701001515062,0.07908428720083246,98.13966946368696
ps2013,MilosZeman.1944,guest,0.25035277777777776,0.40915,0.4547861111111111,0.4715166666666667,0.035482426684575775,0.10034631664457651,0.3881149266093663,0.09984794728839332,69.7394931250221
ps2013,JiriHolecek.1972,regular,0.12023888888888888,0.14691388888888887,0.16057500000000002,0.16483055555555556,0.02581775897807514,0.08507620184406733,0.1815689462837263,0.07421150278293136,109.00082576383154
ps2013,ZdenekOndracek.1969,regular,0.14563055555555554,0.182225,0.19493611111111112,0.19848333333333332,0.017871637696979876,0.06520654915428131,0.2008201094495511,0.07,117.55814929884961
ps2013,JiriZemanek.1965,regular,0.014372222222222224,0.019744444444444443,0.020902777777777777,0.021008333333333334,0.00502446119264842,0.05541528239202658,0.27208778840742825,0.08196721311475409,96.78698928996431
ps2013,LadislavVelebny.1957,regular,0.004813888888888889,0.004977777777777778,0.005775,0.005775,0.0,0.13804713804713806,0.032924107142857144,0.04878048780487805,118.32611832611833
ps2013,JosefSenfeld.1961,regular,0.056174999999999996,0.06533333333333333,0.06849166666666666,0.06975833333333334,0.0181579261736949,0.04611266577442511,0.14017857142857143,0.08078602620087336,109.42539720463505
ps2013,JaroslavKrakora.1955,regular,0.09661944444444444,0.115575,0.1253277777777778,0.12768888888888888,0.01849112426035503,0.07781816569883417,0.16401086355661307,0.0745721271393643,106.76992690567351
ps2013,VitKankovsky.1970,regular,0.260275,0.2917055555555556,0.31329444444444443,0.32239166666666663,0.028217919886955996,0.06890926178781054,0.10774753842344831,0.06284737067122702,120.91917181482152
ps2013,JosefZahradnicek.1957,regular,0.01621111111111111,0.019322222222222223,0.019649999999999997,0.021275,0.07638072855464159,0.016680802940344925,0.16101207590569291,0.08,117.50881316098707
ps2013,RadekVondracek.1973,regular,0.03269444444444444,0.035802777777777774,0.038530555555555554,0.03955555555555556,0.02591292134831461,0.07079518419724605,0.08681821708433549,0.11813186813186813,153.3707865168539
ps2013,KristynaZelienkova.1974,regular,0.06411666666666667,0.06963611111111111,0.07276388888888888,0.07475277777777779,0.02660622050462636,0.04298530253865242,0.07926123898041405,0.0875,142.69257924268885
ps2013,VlastaBohdalova.1957,regular,0.41530277777777774,0.4678027777777778,0.5077194444444444,0.5359361111111111,0.052649310396657975,0.07861953506693876,0.11222678122903171,0.09026927784577723,101.62902916496058
ps2013,MilanUrban.1958,regular,0.03422222222222222,0.045577777777777786,0.04921111111111111,0.049713888888888884,0.01011342683131251,0.07383156468728833,0.24914675767918087,0.07119741100323625,103.59278091300219
ps2013,SvatoplukNemecek.1972,regular,0.18613333333333335,0.205625,0.2146388888888889,0.24776388888888892,0.13369583496832782,0.0419955998447004,0.09479229989868287,0.052076875387476754,108.50383990133975
ps2013,PavelAntonin.1962,regular,0.022230555555555555,0.026030555555555553,0.027969444444444443,0.028175000000000002,0.007295671891945184,0.06932168040520409,0.14598228577526412,0.09210526315789473,134.87133984028392
ps2013,JaroslavKlaska.1962,regular,0.027772222222222222,0.030919444444444444,0.03156944444444445,0.03360833333333333,0.060666170757913876,0.02058952925648922,0.10178779983828946,0.07851239669421488,120.0099181750558
ps2013,JosefNovotny.1952,regular,0.06345555555555556,0.07574444444444445,0.08068333333333332,0.08469166666666667,0.04732854472104694,0.06121324795152517,0.1622414551855655,0.04924242424242424,103.90632687198662
ps2013,KarelCerny.1965,regular,0.06441666666666666,0.06878888888888889,0.07424722222222223,0.07649722222222222,0.029412832709974943,0.07351565715140858,0.06356000646099176,0.08055009823182711,110.89727295834999
ps2013,GabrielaHubackova.1975,regular,0.04711388888888889,0.05528333333333334,0.05867222222222222,0.06474166666666667,0.09374865920109839,0.05775968184830982,0.14777409305597428,0.05542168674698795,106.83485648088556
ps2013,MilanBrazdil.1962,regular,0.04516666666666667,0.048919444444444446,0.05625555555555555,0.057286111111111114,0.0179896232361926,0.13040687339522022,0.07671341775026971,0.06722689075630252,138.4861562333317
ps2013,RostislavVyzula.1952,regular,0.064475,0.07583611111111112,0.08536388888888888,0.08787222222222221,0.028545236138332174,0.11161367999739677,0.14981136222116406,0.06272401433691756,105.83549345640766
ps2013,LubomirZaoralek.1956,regular,0.23555,0.2931138888888889,0.32075000000000004,0.3451444444444444,0.07067894279367737,0.08616090759504633,0.19638744894381213,0.09510763209393347,123.37829572159805
ps2013,BohuslavSobotka.1971,guest,1.3097500000000002,1.4313027777777776,1.5409416666666667,1.5914333333333335,0.031727164191609245,0.0711505771182484,0.08492457337817723,0.05926880334997584,130.05047860419327
ps2013,ZdenekSyblik.1956,regular,0.026483333333333334,0.03221111111111111,0.03535833333333334,0.035847222222222225,0.013638124757845796,0.08900934873124362,0.177819937909624,0.05511811023622047,118.09376210771019
ps2013,MilanSarapatka.1955,regular,0.009080555555555555,0.012263888888888888,0.012777777777777779,0.013119444444444442,0.026042769426212153,0.04021739130434782,0.2595696489241223,0.15053763440860216,118.14524666525514
ps2013,AnnaPutnova.1960,regular,0.12680555555555556,0.14480555555555555,0.16269444444444445,0.1667361111111111,0.024239900041649314,0.10995390131466622,0.12430462305774026,0.053953488372093024,107.45522698875469
ps2013,PavelBelobradek.1976,guest,0.10360555555555556,0.11885555555555555,0.147225,0.15179166666666666,0.030085094702168542,0.1926944774626894,0.12830700196316724,0.20147420147420148,134.0653307713423
ps2013,IvoPojezny.1961,regular,0.08051666666666667,0.09073055555555555,0.10033888888888891,0.10240277777777777,0.02015461820154618,0.0957588173412325,0.11257386033126167,0.04984423676012461,104.48935304489353
ps2013,PavelPloc.1964,regular,0.0030222222222222226,0.0031305555555555553,0.004780555555555555,0.004780555555555555,0.0,0.3451481696687972,0.03460514640638864,0.17647058823529413,118.53573503776875
ps2013,IvanaDobesova.1960,regular,0.16207500000000002,0.20358055555555554,0.22526666666666667,0.2296777777777778,0.019205650428136035,0.0962686199072704,0.20387779885112364,0.05405405405405406,110.08175705094094
ps2013,KarelSchwarzenberg.1937,regular,0.04060277777777777,0.05004444444444445,0.05355833333333334,0.054525000000000004,0.017728870548677975,0.06560863025776671,0.18866563055062166,0.07396449704142012,103.31652147333027
ps2013,RadimFiala.1969,regular,0.07491388888888889,0.07896666666666666,0.08941388888888889,0.09201944444444445,0.0283152715307755,0.1168411569169592,0.05132263965104826,0.05426356589147287,116.8231352069309
ps2013,JaroslavHolik.1953,regular,0.02054166666666667,0.023555555555555555,0.028108333333333332,0.02844722222222222,0.011912899130944244,0.16197252692953848,0.12794811320754718,0.05421686746987952,97.25612733131531
ps2013,VaclavSnopek.1951,regular,0.007419444444444445,0.00808611111111111,0.010052777777777777,0.010052777777777777,0.0,0.1956341530809616,0.08244589488148403,0.1,116.0541586073501
ps2013,JiriKoskuba.1955,regular,0.02716111111111111,0.029597222222222223,0.03229722222222222,0.032813888888888885,0.015745365275543894,0.0835985206846134,0.08230877522290005,0.03608247422680412,98.53551172437146
ps2013,JiriBehounek.1952,regular,0.0032249999999999996,0.0036305555555555557,0.004083333333333333,0.004083333333333333,0.0,0.1108843537414966,0.1117061973986228,0.14705882352941177,138.77551020408163
ps2013,FrantisekAdamek.1955,regular,0.04412222222222222,0.052224999999999994,0.055625,0.056327777777777775,0.012476575599171516,0.06112359550561798,0.15515132173820542,0.0797872340425532,111.25357530328435
ps2013,JiriPetru.1956,regular,0.07694722222222222,0.09092777777777777,0.09872500000000001,0.10150555555555556,0.027393136664659843,0.07897920711291184,0.15375450601820737,0.09162303664921466,125.44469377702369
ps2013,JiriZlatuska.1957,regular,0.11342222222222223,0.16360000000000002,0.17379444444444442,0.17781666666666668,0.022620051863654827,0.05865805709171115,0.3067101331160011,0.06363636363636363,82.48195707189052
ps2013,JaroslavFoldyna.1960,regular,0.013933333333333332,0.01536111111111111,0.016161111111111112,0.016161111111111112,0.0,0.049501546923341355,0.09294755877034358,0.08176100628930817,163.97387418356823
